1 1 14 14 0 4
2 2 0 0 4 0
3 5 12 8 14 0
4 21 16 8 12 0
5 23 8 16 12 4
6 29 6 12 2 2
7 37 0 14 16 2
8 42 4 2 6 10
9 51 8 6 4 2
10 52 8 8 4 4
11 52 10 2 12 14
12 59 14 8 16 6
13 67 16 0 14 8
14 70 14 6 16 12
15 79 2 2 12 2
16 86 12 6 0 16
17 92 0 14 10 8
18 97 10 0 6 16
19 106 16 10 6 12
20 115 4 2 16 10
21 115 0 8 0 2
22 117 2 14 0 8
23 121 6 16 8 2
24 122 2 12 6 12
25 129 12 14 10 4
26 130 12 0 16 2
27 135 10 6 12 4
28 138 14 14 2 12
29 141 14 4 16 0
30 142 10 14 16 12
31 148 14 10 8 6
32 149 14 8 16 8
33 150 0 6 0 16
34 151 4 14 8 6
35 157 8 6 16 6
36 157 8 12 8 2
37 157 2 12 10 8
38 162 10 12 0 10
39 164 14 8 2 4
40 165 4 4 0 14
41 166 14 6 12 6
42 170 0 12 6 6
43 176 6 10 0 2
44 182 4 10 10 2
45 188 0 8 8 16
46 192 10 14 8 2
47 197 10 16 2 16
48 198 16 4 16 8
49 203 0 14 4 16
50 203 8 0 2 4
51 203 8 4 2 12
52 209 12 4 16 0
53 209 16 16 2 16
54 212 4 0 8 2
55 216 2 14 2 16
56 218 6 14 8 12
57 221 14 2 2 16
58 222 4 16 8 0
59 226 14 8 14 16
60 228 14 10 0 10
61 233 8 2 6 16
62 233 2 0 8 0
63 237 12 10 4 6
64 242 16 8 6 4
65 245 6 2 8 0
66 251 16 16 14 2
67 256 4 14 6 8
68 262 10 2 16 2
69 268 16 6 2 10
70 271 14 0 8 16
71 273 14 14 10 2
72 275 14 14 6 12
73 280 8 4 16 10
74 281 10 0 0 10
75 281 2 0 0 12
76 281 16 16 16 12
77 286 6 6 10 14
78 291 4 12 2 6
79 292 6 14 10 8
80 298 4 8 16 8
81 303 8 10 12 2
82 308 12 0 0 10
83 308 16 10 12 14
84 308 8 10 4 8
85 312 6 10 8 6
86 316 4 8 14 4
87 316 14 16 8 16
88 316 0 2 14 14
89 317 8 8 6 12
90 322 4 4 10 16
91 326 14 12 4 14
92 327 0 14 14 14
93 331 14 0 4 4
94 331 8 14 8 2
95 333 4 0 4 4
96 338 6 10 12 14
97 342 2 8 14 16
98 346 14 2 16 4
99 350 12 8 8 6
100 351 12 12 0 14
101 355 8 0 12 8
102 361 2 2 2 2
103 367 4 4 4 8
104 372 16 0 8 8
105 376 16 8 12 12
106 377 8 16 16 8
107 378 8 8 10 0
108 382 12 14 0 2
109 383 6 8 4 12
110 385 12 4 4 10
111 389 2 12 16 6
112 390 16 14 14 10
113 396 16 8 10 8
114 399 6 2 12 12
115 402 2 14 10 2
116 402 0 6 12 4
117 407 12 8 2 0
118 409 14 6 4 14
119 413 6 2 2 0